131472	116
131588	44
131632	52
131684	52
131736	44
131780	36
131816	148
131964	44
132008	52
132060	52
132112	44
132156	36
132192	36
132228	36
132264	148
132412	44
132456	52
132508	52
132560	44
132604	36
132640	36
132676	44
132720	140
132860	44
132904	52
132956	52
133008	52
133060	60
133120	52
133172	76
133248	84
133332	84
133416	60
133476	60
133536	84
133620	76
133696	52
133748	52
133800	52
133852	60
133912	84
133996	60
134056	84
134140	52
134192	76
134268	60
134328	76
134404	52
134456	100
134556	76
134632	52
134684	84
134768	52
134820	84
134904	60
134964	60
135024	60
135084	60
135144	60
135204	84
135288	52
135340	76
135416	52
135468	52
135520	52
135572	60
135632	52
135684	52
135736	52
135788	60
135848	52
135900	52
135952	52
136004	60
136064	52
136116	52
136168	52
136220	60
136280	52
136332	52
136384	52
136436	60
136496	52
136548	100
136648	52
136700	60
136760	52
136812	52
136864	52
136916	36
136952	44
136996	52
137048	52
137100	44
137144	108
137252	44
137296	44
137340	44
137384	36
137420	364
137784	44
137828	68
137896	60
137956	44
138000	36
138036	52
138088	76
138164	44
138208	68
138276	60
138336	44
138380	36
138416	68
138484	84
138568	68
138636	44
138680	68
138748	60
138808	44
138852	36
138888	52
138940	68
139008	52
139060	104
139164	52
139216	84
139300	44
139344	68
139412	60
139472	44
139516	36
139552	84
139636	60
139696	60
139756	36
139792	52
139844	84
139928	124
140052	36
140088	60
140148	32
140180	140
140320	44
140364	68
140432	60
140492	44
140536	36
140572	60
140632	60
140692	60
140752	8247832
328	65572
44	284
65900	65572
8	36
8388584	0
